Numerical Data Stats and Scores:
{'orig_mean': matrix([[0.60129876, 0.28203548, 0.50034376, 0.30768001, 0.17703125,
         0.50155513, 0.50155513, 0.35101223, 0.17821301, 0.17788155,
         0.32195456, 0.38515222, 0.20914893, 0.49795785, 0.33919028,
         0.3679165 , 0.56303377, 0.14407301]]), 'syn_mean': matrix([[0.60322223, 0.27919723, 0.49797693, 0.3069733 , 0.1914359 ,
         0.50055868, 0.50061408, 0.35181282, 0.19687485, 0.15841912,
         0.31623991, 0.39086687, 0.17623277, 0.53087401, 0.33769788,
         0.3694089 , 0.56155157, 0.14555521]]), 'orig_median': matrix([[0.60399997, 0.25675675, 0.5       , 0.38874644, 0.        ,
         0.50384369, 0.50384369, 0.        , 0.        , 0.        ,
         0.        , 0.70710678, 0.        , 0.70710678, 0.        ,
         0.70710678, 0.70710678, 0.        ]]), 'syn_median': matrix([[0.60514303, 0.25675676, 0.50000001, 0.39123454, 0.33333334,
         0.50252267, 0.50248337, 0.        , 0.        , 0.        ,
         0.        , 0.70710678, 0.        , 0.70710678, 0.        ,
         0.70710678, 0.70710678, 0.        ]]), 'orig_var': matrix([[0.03706656, 0.02017151, 0.08310613, 0.06142276, 0.03787869,
         0.08307087, 0.08307087, 0.12499354, 0.09425575, 0.0941394 ,
         0.12400151, 0.12400151, 0.10414735, 0.10414735, 0.1247937 ,
         0.1247937 , 0.08111797, 0.08111797]]), 'syn_var': matrix([[0.0380563 , 0.02122289, 0.08601976, 0.064595  , 0.03823264,
         0.08515414, 0.08512107, 0.12499697, 0.10045183, 0.08692261,
         0.1236077 , 0.1236077 , 0.0935574 , 0.0935574 , 0.1247486 ,
         0.1247486 , 0.08173676, 0.08173676]]), 'wasserstein_distance': 0.009099209578520244}
{'mean': 0.00812850581103519, 'median': 0.018869215137081174, 'var': 0.0027403338300805626}
