Numerical Data Stats and Scores:
{'orig_mean': matrix([[0.60129876, 0.28203548, 0.50034376, 0.30768001, 0.17703125,
         0.50155513, 0.50155513, 0.35101223, 0.17821301, 0.17788155,
         0.32195456, 0.38515222, 0.20914893, 0.49795785, 0.33919028,
         0.3679165 , 0.56303377, 0.14407301]]), 'syn_mean': matrix([[0.59868286, 0.27949834, 0.49423847, 0.30937255, 0.17516667,
         0.49914437, 0.49917107, 0.3625554 , 0.18849835, 0.15605303,
         0.31594075, 0.39116603, 0.17593361, 0.53117317, 0.34017275,
         0.36693403, 0.56155157, 0.14555521]]), 'orig_median': matrix([[0.60399997, 0.25675675, 0.5       , 0.38874644, 0.        ,
         0.50384369, 0.50384369, 0.        , 0.        , 0.        ,
         0.        , 0.70710678, 0.        , 0.70710678, 0.        ,
         0.70710678, 0.70710678, 0.        ]]), 'syn_median': matrix([[0.60146919, 0.25675676, 0.50000001, 0.39764716, 0.        ,
         0.49507604, 0.49549268, 0.70710678, 0.        , 0.        ,
         0.        , 0.70710678, 0.        , 0.70710678, 0.        ,
         0.70710678, 0.70710678, 0.        ]]), 'orig_var': matrix([[0.03706656, 0.02017151, 0.08310613, 0.06142276, 0.03787869,
         0.08307087, 0.08307087, 0.12499354, 0.09425575, 0.0941394 ,
         0.12400151, 0.12400151, 0.10414735, 0.10414735, 0.1247937 ,
         0.1247937 , 0.08111797, 0.08111797]]), 'syn_var': matrix([[0.03547216, 0.01875519, 0.0827345 , 0.06124477, 0.03633801,
         0.08135528, 0.08134516, 0.12491896, 0.09775683, 0.08599361,
         0.12358529, 0.12358529, 0.09345121, 0.09345121, 0.12482096,
         0.12482096, 0.08173676, 0.08173676]]), 'wasserstein_distance_numerical': 0.004332951907732075, 'wasserstein_distance_all_OHE': 0.008743073049513982}
{'mean': 0.00814749568600807, 'median': 0.04086983198839023, 'var': 0.002432256229307424}
